1	1440	7.155699
1	1893	8.768620
1	2072	10.000000
1	2955	9.420453
1	6260	9.295818
1	6266	10.000000
2	419	10.000000
2	425	10.000000
5	645	9.214988
5	976	10.000000
5	6322	10.000000
5	7200	10.000000
7	790	6.960910
7	815	10.000000
9	180	10.000000
9	982	10.000000
9	989	8.227792
9	2842	10.000000
11	2041	10.000000
11	6877	10.000000
14	1923	10.000000
14	6146	10.000000
14	6432	9.440137
14	6436	10.000000
14	6439	10.000000
14	6446	8.462212
14	6450	10.000000
16	110	10.000000
16	261	4.689586
16	1529	10.000000
16	1705	10.000000
16	1811	9.901570
16	3267	8.365221
16	4233	10.000000
16	5969	10.000000
16	6507	10.000000
16	6509	10.000000
16	6512	10.000000
16	6527	10.000000
16	6535	10.000000
16	6542	10.000000
16	6544	10.000000
18	485	7.830181
18	761	10.000000
18	1517	10.000000
18	2035	7.775811
18	2643	5.951257
18	6586	10.000000
18	6595	10.000000
18	6603	10.000000
20	1014	10.000000
22	1034	10.000000
22	1070	9.320362
22	1855	9.407888
22	1857	9.740780
24	836	10.000000
24	6712	10.000000
24	6731	5.829025
24	6748	10.000000
25	900	6.784299
25	1968	10.000000
25	6875	6.727000
26	991	7.651545
26	1910	10.000000
26	9611	8.469527
29	547	6.108855
31	351	9.624572
31	370	10.000000
31	760	9.011475
31	770	6.240492
31	1300	10.000000
31	1880	8.698454
31	1932	9.068749
31	2251	10.000000
31	2304	9.242183
31	2313	10.000000
31	2528	7.836418
31	3161	9.194319
31	6922	9.240492
31	6925	10.000000
31	6938	10.000000
44	834	10.000000
44	1570	6.383751
44	2894	8.125363
44	5983	10.000000
44	5990	10.000000
44	6627	10.000000
47	802	4.366703
47	1738	10.000000
47	3018	10.000000
47	3114	10.000000
47	3116	9.228827
48	683	10.000000
48	880	9.552435
48	1443	10.000000
48	2967	10.000000
48	7002	10.000000
48	7183	10.000000
48	7193	9.260480
48	7197	10.000000
48	7227	10.000000
49	3218	10.000000
49	4823	10.000000
52	126	8.851610
52	1094	7.180892
52	2038	2.081201
52	2289	10.000000
52	2491	10.000000
52	2735	10.000000
52	3387	8.886443
52	4442	10.000000
52	6140	10.000000
52	6694	7.322978
52	7319	10.000000
52	7358	10.000000
53	1715	4.702265
53	3400	5.420213
53	4771	10.000000
53	5385	8.934035
53	6795	10.000000
53	6833	10.000000
57	389	9.040633
57	7186	9.608169
57	7537	10.000000
59	388	4.506250
59	556	7.613727
59	7566	10.000000
60	790	7.960910
60	2992	10.000000
60	3791	9.403797
60	3795	1.900363
63	32	7.046298
63	144	6.208292
63	240	8.586992
63	757	9.242188
63	967	9.388425
63	1460	10.000000
63	2057	8.779900
63	2919	5.945412
63	3217	10.000000
63	3826	10.000000
63	4834	9.764668
63	4845	10.000000
63	5124	8.283479
63	5577	10.000000
63	6684	7.966723
63	7670	10.000000
63	7672	10.000000
63	7673	10.000000
63	7690	10.000000
63	7697	10.000000
63	7747	10.000000
63	7779	10.000000
63	7782	10.000000
63	7796	8.079726
63	7816	10.000000
63	7827	10.000000
63	7855	10.000000
63	11913	10.000000
69	22	10.000000
69	320	10.000000
69	530	10.000000
69	2282	9.904070
69	2890	6.835769
69	2902	9.729193
69	3954	9.490578
69	4116	10.000000
69	5094	10.000000
69	7926	10.000000
69	7947	10.000000
69	7958	10.000000
69	7960	10.000000
69	7965	10.000000
71	243	8.155011
71	297	10.000000
71	737	6.132271
71	5443	10.000000
71	6294	7.093613
71	6833	10.000000
71	6922	8.415371
71	7988	7.141241
71	7990	10.000000
71	7999	10.000000
71	8006	10.000000
73	78	10.000000
73	2100	7.995908
73	7113	7.458473
73	7758	5.475032
76	8080	10.000000
78	802	4.688835
78	2070	10.000000
78	6314	10.000000
83	8207	9.310305
90	4675	10.000000
90	8262	10.000000
90	8269	4.232888
92	4734	7.627110
93	8327	10.000000
93	8347	10.000000
94	920	10.000000
94	1635	9.129216
94	3190	6.817947
94	8378	5.946251
99	1294	9.191203
99	2282	7.538003
99	2845	10.000000
99	2846	5.700071
99	2868	5.394256
99	4971	10.000000
99	4981	6.688412
99	7021	6.522775
101	1926	10.000000
101	6501	10.000000
101	7444	10.000000
101	8502	10.000000
101	8505	10.000000
103	4	5.357772
103	8	5.234746
103	948	5.324836
103	2610	6.992548
105	1180	10.000000
105	5270	8.469783
109	5353	10.000000
109	5355	10.000000
109	8780	9.281908
110	8806	10.000000
110	8813	9.951329
113	121	10.000000
113	1564	8.993912
113	3127	10.000000
113	3412	9.786752
113	3493	8.544404
113	4912	10.000000
113	6850	10.000000
113	8200	10.000000
113	9053	10.000000
115	481	7.680553
115	1630	9.419277
115	9065	6.809703
115	9067	10.000000
115	9072	10.000000
115	9079	10.000000
118	19	8.061817
118	1494	5.349224
118	4568	10.000000
118	8363	8.998758
118	9103	10.000000
118	9106	9.179201
118	9108	10.000000
118	9117	6.510107
118	9125	10.000000
118	9128	10.000000
120	627	10.000000
120	647	8.862895
120	734	7.582915
120	2565	9.156219
120	2829	10.000000
120	2982	10.000000
120	5075	6.722563
120	5138	9.907543
120	5623	8.716857
120	5777	8.899220
120	7411	9.047859
120	9173	10.000000
121	2772	9.704316
121	5817	10.000000
121	5819	10.000000
121	5820	10.000000
121	5823	10.000000
123	291	6.704664
123	1240	6.752466
123	1272	7.669422
123	2613	5.266493
123	2804	10.000000
123	2944	10.000000
123	3372	5.149210
123	4497	5.661985
123	5185	10.000000
123	5244	10.000000
123	6243	10.000000
123	7129	10.000000
123	7361	4.750130
123	7610	10.000000
123	9265	10.000000
123	9303	3.559359
123	9313	10.000000
124	732	6.953129
124	9337	10.000000
125	505	8.295061
125	4046	10.000000
125	9351	10.000000
125	9356	10.000000
131	329	8.587671
131	2015	10.000000
131	7587	5.573816
131	9483	2.189149
136	4420	10.000000
136	6046	6.211290
136	8378	7.841014
137	602	10.000000
137	2306	10.000000
137	3523	1.497146
137	4341	10.000000
137	7347	10.000000
138	3684	7.063704
138	9138	10.000000
138	9818	10.000000
140	407	9.063152
140	1281	9.616800
140	4177	8.881433
145	7076	10.000000
145	7792	10.000000
145	9356	10.000000
152	207	10.000000
152	213	10.000000
152	525	5.770200
152	648	8.125221
152	712	10.000000
152	1018	6.398895
152	1127	6.235186
152	1888	8.420409
152	5450	10.000000
152	7393	9.801194
152	8564	7.139893
152	10154	10.000000
153	143	8.055061
153	4789	10.000000
153	10260	10.000000
154	150	7.224263
154	378	6.849217
154	1272	8.664838
154	1504	8.158786
154	1727	3.494013
154	1996	10.000000
154	2051	10.000000
154	2461	5.941553
154	2640	5.600789
154	2982	10.000000
154	3011	10.000000
154	3052	6.026131
154	3449	10.000000
154	3575	9.617496
154	3801	3.738414
154	3809	5.675230
154	4286	8.000304
154	4509	10.000000
154	4689	10.000000
154	5021	6.962079
154	5443	10.000000
154	5779	10.000000
154	5844	10.000000
154	6108	9.581047
154	6213	10.000000
154	9206	6.352831
154	10346	10.000000
154	10436	10.000000
154	10472	10.000000
154	10564	10.000000
154	10620	10.000000
154	10650	10.000000
154	10654	10.000000
154	10675	10.000000
155	8372	10.000000
155	17277	10.000000
157	2844	7.955979
157	3391	10.000000
157	3993	10.000000
157	4758	10.000000
157	9668	10.000000
157	10757	10.000000
158	707	8.948706
158	5439	10.000000
158	7080	8.803434
158	9609	10.000000
158	10804	10.000000
162	2162	4.358785
162	2707	8.213517
162	7925	8.891942
162	10311	10.000000
164	10912	10.000000
164	10913	10.000000
167	14	7.831879
167	149	5.111198
167	2470	3.427780
167	6805	10.000000
167	7611	1.686739
167	8671	10.000000
167	10566	10.000000
170	929	10.000000
170	1315	8.802035
170	2461	7.580423
170	5233	9.941569
173	70	10.000000
173	608	9.265848
173	2613	8.965457
173	11203	10.000000
175	977	10.000000
175	1046	7.957317
175	6311	10.000000
175	11281	10.000000
175	11287	10.000000
177	66	8.997456
177	869	7.359442
177	1954	7.603142
177	2581	10.000000
177	2812	8.912509
180	505	8.439401
180	2066	10.000000
180	4955	10.000000
180	8088	10.000000
181	704	10.000000
181	1177	10.000000
181	3826	10.000000
186	79	10.000000
186	3187	10.000000
186	3615	2.331832
186	11568	10.000000
187	202	8.320841
187	297	10.000000
187	7444	10.000000
188	371	8.558359
188	1271	6.772044
188	4642	9.240784
188	11645	10.000000
190	5779	10.000000
190	10077	10.000000
190	11773	10.000000
191	4253	9.074153
191	7053	8.017930
192	83	10.000000
192	2808	10.000000
192	6060	6.655742
193	1520	10.000000
193	2176	10.000000
193	11556	9.164215
193	11821	10.000000
194	6302	9.668288
195	1867	7.676426
200	187	9.833662
200	471	10.000000
200	725	9.165240
200	2028	10.000000
200	2685	2.472515
200	8243	10.000000
201	5	10.000000
201	575	8.259336
201	762	10.000000
201	1032	10.000000
201	1199	9.322808
201	1885	10.000000
201	1982	10.000000
201	11943	10.000000
203	12054	10.000000
204	12058	10.000000
204	12061	10.000000
205	6191	9.581193
205	8812	10.000000
208	2483	6.167933
208	2751	8.512265
208	3951	9.227009
208	5338	10.000000
208	9480	10.000000
208	12224	10.000000
209	396	10.000000
209	744	8.579273
209	1427	9.650775
209	1473	4.925759
209	1613	5.551174
209	1893	9.864040
209	2565	10.000000
209	10546	10.000000
209	10886	10.000000
209	12270	10.000000
211	844	6.383460
211	2758	10.000000
211	3056	10.000000
211	5522	10.000000
213	4716	10.000000
213	8160	10.000000
213	11879	10.000000
217	2209	10.000000
217	5814	9.479949
217	8193	6.067993
218	1706	5.320899
218	4026	8.349532
218	5052	10.000000
218	6266	10.000000
222	257	10.000000
222	617	10.000000
222	756	9.763047
222	1872	9.080983
222	5519	10.000000
222	5616	8.780199
222	6724	6.220068
222	7181	10.000000
222	7761	10.000000
222	10843	10.000000
222	12599	10.000000
225	2825	10.000000
225	12663	10.000000
232	74	4.227328
234	819	8.610593
234	8781	8.650597
234	9266	10.000000
235	388	8.390328
235	4161	9.964834
235	4627	8.264821
235	12960	7.316132
243	1480	10.000000
243	1726	10.000000
243	2087	7.988391
243	4466	10.000000
245	473	10.000000
245	8211	9.795748
246	1333	10.000000
246	4183	10.000000
246	12036	10.000000
246	13290	10.000000
246	13291	10.000000
247	757	10.000000
247	7067	10.000000
248	2465	10.000000
248	4967	7.733667
248	4969	10.000000
248	5463	10.000000
248	5816	9.238170
252	297	10.000000
252	1171	6.475690
252	4763	10.000000
253	1071	6.429217
253	1740	10.000000
253	5353	10.000000
253	8580	10.000000
253	9629	9.951257
255	2218	8.721153
255	10701	10.000000
255	13500	10.000000
257	8	7.772216
257	292	9.159244
257	4776	10.000000
257	12872	10.000000
257	13579	7.705949
258	1085	10.000000
259	21	8.891531
259	643	9.932427
259	2184	7.549861
259	8307	10.000000
259	9287	7.083296
259	16800	10.000000
266	157	10.000000
266	243	9.894325
266	1481	9.746568
266	2054	9.985542
266	2474	10.000000
266	2700	8.184144
266	3465	10.000000
266	4999	6.915415
266	5453	10.000000
266	9464	10.000000
267	281	10.000000
267	960	10.000000
267	1440	10.000000
267	1518	10.000000
267	1606	10.000000
267	1893	9.768620
267	3062	7.890033
267	5523	10.000000
267	6811	8.578933
267	7999	10.000000
267	8105	10.000000
267	11832	9.742334
268	4683	10.000000
268	13963	9.258095
268	13980	10.000000
271	1272	8.083566
271	11475	10.000000
273	3116	8.896037
273	4069	4.564561
273	10915	10.000000
275	6682	6.011083
275	6765	6.863107
275	7925	8.136134
275	12474	10.000000
276	314	10.000000
276	1955	8.427416
276	3607	10.000000
276	3825	10.000000
276	6875	7.567557
276	7955	10.000000
276	9239	10.000000
276	10401	10.000000
276	10479	10.000000
276	10869	4.374039
276	11244	8.485169
276	13186	10.000000
276	13982	10.000000
279	2151	7.317100
279	5623	7.567345
279	10834	10.000000
279	13888	10.000000
282	1111	6.242063
282	8507	9.450177
282	10371	8.239537
290	2583	10.000000
290	4739	9.319005
295	320	10.000000
295	391	8.131409
295	1272	8.083961
295	1885	9.561775
295	3011	10.000000
295	3785	10.000000
295	4184	9.139039
295	4230	10.000000
295	4924	8.205042
295	4983	8.680355
295	6333	10.000000
295	6697	9.741427
295	7242	10.000000
295	8218	9.457639
295	10199	10.000000
295	10287	5.949438
295	10892	10.000000
295	11121	10.000000
295	11855	10.000000
295	12033	10.000000
295	13863	10.000000
295	14381	10.000000
295	14382	10.000000
295	14430	10.000000
297	3296	4.606452
297	6482	10.000000
297	8288	10.000000
299	132	5.693520
299	1677	10.000000
299	2519	9.434623
299	2627	10.000000
299	3523	2.465623
299	5714	10.000000
299	10595	4.932914
299	12149	5.577185
299	14495	10.000000
299	14506	10.000000
301	223	10.000000
301	1951	9.744054
301	4179	9.984490
301	4494	10.000000
301	4804	10.000000
301	4918	7.139971
301	5026	10.000000
301	5083	10.000000
301	10071	10.000000
310	3650	10.000000
310	11396	10.000000
310	11424	10.000000
311	2484	7.640130
311	11993	10.000000
312	1187	5.157249
312	14703	10.000000
313	2194	8.682262
313	14715	8.752013
314	1289	8.915426
314	1949	6.644646
314	2268	3.608314
314	3648	10.000000
314	4844	10.000000
314	6410	10.000000
314	7656	10.000000
314	7716	10.000000
314	14720	10.000000
314	14753	10.000000
318	1177	10.000000
318	1635	9.097748
318	14311	10.000000
321	68	8.679706
321	374	9.034782
321	2616	9.113702
321	3637	8.636892
321	3845	10.000000
321	4487	8.996722
321	6799	10.000000
322	994	9.058666
322	1519	8.321232
322	2700	9.025440
322	4575	10.000000
